2022/09/30-13:22:35.316052 2b0c RocksDB version: 6.29.5
2022/09/30-13:22:35.316324 2b0c Git sha da11a59034584ea2d0911268b8136e5249d6b692
2022/09/30-13:22:35.316364 2b0c Compile date 2022-03-30 20:36:34
2022/09/30-13:22:35.316412 2b0c DB SUMMARY
2022/09/30-13:22:35.316445 2b0c DB Session ID:  07X5W3M2MNJ6IBR6SGD6
2022/09/30-13:22:35.317141 2b0c SST files in C:\Users\Angga Danar\Documents\tutorial\besu\IBFT-Network\Node-4\data\database dir, Total Num: 0, files: 
2022/09/30-13:22:35.317184 2b0c Write Ahead Log file in C:\Users\Angga Danar\Documents\tutorial\besu\IBFT-Network\Node-4\data\database: 
2022/09/30-13:22:35.317218 2b0c                         Options.error_if_exists: 0
2022/09/30-13:22:35.317241 2b0c                       Options.create_if_missing: 1
2022/09/30-13:22:35.317562 2b0c                         Options.paranoid_checks: 1
2022/09/30-13:22:35.317584 2b0c             Options.flush_verify_memtable_count: 1
2022/09/30-13:22:35.317593 2b0c                               Options.track_and_verify_wals_in_manifest: 0
2022/09/30-13:22:35.317601 2b0c                                     Options.env: 000001F396BF6F60
2022/09/30-13:22:35.317610 2b0c                                      Options.fs: WinFS
2022/09/30-13:22:35.317617 2b0c                                Options.info_log: 000001F396A6FA10
2022/09/30-13:22:35.317625 2b0c                Options.max_file_opening_threads: 16
2022/09/30-13:22:35.317633 2b0c                              Options.statistics: 000001F396EC5200
2022/09/30-13:22:35.317640 2b0c                               Options.use_fsync: 0
2022/09/30-13:22:35.317648 2b0c                       Options.max_log_file_size: 0
2022/09/30-13:22:35.317655 2b0c                  Options.max_manifest_file_size: 1073741824
2022/09/30-13:22:35.317663 2b0c                   Options.log_file_time_to_roll: 0
2022/09/30-13:22:35.317670 2b0c                       Options.keep_log_file_num: 1000
2022/09/30-13:22:35.317678 2b0c                    Options.recycle_log_file_num: 0
2022/09/30-13:22:35.317685 2b0c                         Options.allow_fallocate: 1
2022/09/30-13:22:35.317693 2b0c                        Options.allow_mmap_reads: 0
2022/09/30-13:22:35.317700 2b0c                       Options.allow_mmap_writes: 0
2022/09/30-13:22:35.317707 2b0c                        Options.use_direct_reads: 0
2022/09/30-13:22:35.317714 2b0c                        Options.use_direct_io_for_flush_and_compaction: 0
2022/09/30-13:22:35.317722 2b0c          Options.create_missing_column_families: 1
2022/09/30-13:22:35.317729 2b0c                              Options.db_log_dir: 
2022/09/30-13:22:35.317738 2b0c                                 Options.wal_dir: 
2022/09/30-13:22:35.317825 2b0c                Options.table_cache_numshardbits: 6
2022/09/30-13:22:35.317838 2b0c                         Options.WAL_ttl_seconds: 0
2022/09/30-13:22:35.317846 2b0c                       Options.WAL_size_limit_MB: 0
2022/09/30-13:22:35.317854 2b0c                        Options.max_write_batch_group_size_bytes: 1048576
2022/09/30-13:22:35.317861 2b0c             Options.manifest_preallocation_size: 4194304
2022/09/30-13:22:35.317869 2b0c                     Options.is_fd_close_on_exec: 1
2022/09/30-13:22:35.317877 2b0c                   Options.advise_random_on_open: 1
2022/09/30-13:22:35.317884 2b0c                   Options.experimental_mempurge_threshold: 0.000000
2022/09/30-13:22:35.317897 2b0c                    Options.db_write_buffer_size: 0
2022/09/30-13:22:35.317904 2b0c                    Options.write_buffer_manager: 000001F396BF97B0
2022/09/30-13:22:35.317912 2b0c         Options.access_hint_on_compaction_start: 1
2022/09/30-13:22:35.317920 2b0c  Options.new_table_reader_for_compaction_inputs: 0
2022/09/30-13:22:35.317927 2b0c           Options.random_access_max_buffer_size: 1048576
2022/09/30-13:22:35.317935 2b0c                      Options.use_adaptive_mutex: 0
2022/09/30-13:22:35.317942 2b0c                            Options.rate_limiter: 0000000000000000
2022/09/30-13:22:35.317951 2b0c     Options.sst_file_manager.rate_bytes_per_sec: 0
2022/09/30-13:22:35.318053 2b0c                       Options.wal_recovery_mode: 2
2022/09/30-13:22:35.318069 2b0c                  Options.enable_thread_tracking: 0
2022/09/30-13:22:35.318076 2b0c                  Options.enable_pipelined_write: 0
2022/09/30-13:22:35.318084 2b0c                  Options.unordered_write: 0
2022/09/30-13:22:35.318091 2b0c         Options.allow_concurrent_memtable_write: 1
2022/09/30-13:22:35.318098 2b0c      Options.enable_write_thread_adaptive_yield: 1
2022/09/30-13:22:35.318106 2b0c             Options.write_thread_max_yield_usec: 100
2022/09/30-13:22:35.318113 2b0c            Options.write_thread_slow_yield_usec: 3
2022/09/30-13:22:35.318121 2b0c                               Options.row_cache: None
2022/09/30-13:22:35.318128 2b0c                              Options.wal_filter: None
2022/09/30-13:22:35.318136 2b0c             Options.avoid_flush_during_recovery: 0
2022/09/30-13:22:35.318143 2b0c             Options.allow_ingest_behind: 0
2022/09/30-13:22:35.318150 2b0c             Options.preserve_deletes: 0
2022/09/30-13:22:35.318157 2b0c             Options.two_write_queues: 0
2022/09/30-13:22:35.318165 2b0c             Options.manual_wal_flush: 0
2022/09/30-13:22:35.318172 2b0c             Options.atomic_flush: 0
2022/09/30-13:22:35.318179 2b0c             Options.avoid_unnecessary_blocking_io: 0
2022/09/30-13:22:35.318186 2b0c                 Options.persist_stats_to_disk: 0
2022/09/30-13:22:35.318193 2b0c                 Options.write_dbid_to_manifest: 0
2022/09/30-13:22:35.318201 2b0c                 Options.log_readahead_size: 0
2022/09/30-13:22:35.318208 2b0c                 Options.file_checksum_gen_factory: Unknown
2022/09/30-13:22:35.318216 2b0c                 Options.best_efforts_recovery: 0
2022/09/30-13:22:35.318223 2b0c                Options.max_bgerror_resume_count: 2147483647
2022/09/30-13:22:35.318230 2b0c            Options.bgerror_resume_retry_interval: 1000000
2022/09/30-13:22:35.318238 2b0c             Options.allow_data_in_errors: 0
2022/09/30-13:22:35.318245 2b0c             Options.db_host_id: __hostname__
2022/09/30-13:22:35.318253 2b0c             Options.max_background_jobs: 2
2022/09/30-13:22:35.318260 2b0c             Options.max_background_compactions: 4
2022/09/30-13:22:35.318267 2b0c             Options.max_subcompactions: 1
2022/09/30-13:22:35.318274 2b0c             Options.avoid_flush_during_shutdown: 0
2022/09/30-13:22:35.318282 2b0c           Options.writable_file_max_buffer_size: 1048576
2022/09/30-13:22:35.318289 2b0c             Options.delayed_write_rate : 16777216
2022/09/30-13:22:35.318296 2b0c             Options.max_total_wal_size: 0
2022/09/30-13:22:35.318304 2b0c             Options.delete_obsolete_files_period_micros: 21600000000
2022/09/30-13:22:35.318311 2b0c                   Options.stats_dump_period_sec: 600
2022/09/30-13:22:35.318319 2b0c                 Options.stats_persist_period_sec: 600
2022/09/30-13:22:35.318326 2b0c                 Options.stats_history_buffer_size: 1048576
2022/09/30-13:22:35.318334 2b0c                          Options.max_open_files: 1024
2022/09/30-13:22:35.318341 2b0c                          Options.bytes_per_sync: 0
2022/09/30-13:22:35.318348 2b0c                      Options.wal_bytes_per_sync: 0
2022/09/30-13:22:35.318356 2b0c                   Options.strict_bytes_per_sync: 0
2022/09/30-13:22:35.318363 2b0c       Options.compaction_readahead_size: 0
2022/09/30-13:22:35.318370 2b0c                  Options.max_background_flushes: -1
2022/09/30-13:22:35.318387 2b0c Compression algorithms supported:
2022/09/30-13:22:35.318538 2b0c 	kZSTD supported: 1
2022/09/30-13:22:35.318552 2b0c 	kSnappyCompression supported: 1
2022/09/30-13:22:35.318561 2b0c 	kBZip2Compression supported: 0
2022/09/30-13:22:35.318568 2b0c 	kZlibCompression supported: 1
2022/09/30-13:22:35.318576 2b0c 	kLZ4Compression supported: 1
2022/09/30-13:22:35.318583 2b0c 	kXpressCompression supported: 0
2022/09/30-13:22:35.318590 2b0c 	kLZ4HCCompression supported: 1
2022/09/30-13:22:35.318598 2b0c 	kZSTDNotFinalCompression supported: 1
2022/09/30-13:22:35.318689 2b0c Fast CRC32 supported: Not supported on x86
2022/09/30-13:22:35.328614 2b0c [db\db_impl\db_impl_open.cc:307] Creating manifest 1 
2022/09/30-13:22:35.344248 2b0c [db\version_set.cc:4889] Recovering from manifest file: C:\Users\Angga Danar\Documents\tutorial\besu\IBFT-Network\Node-4\data\database/MANIFEST-000001
2022/09/30-13:22:35.345589 2b0c [db\column_family.cc:607] --------------- Options for column family [default]:
2022/09/30-13:22:35.345634 2b0c               Options.comparator: leveldb.BytewiseComparator
2022/09/30-13:22:35.345644 2b0c           Options.merge_operator: None
2022/09/30-13:22:35.345651 2b0c        Options.compaction_filter: None
2022/09/30-13:22:35.345668 2b0c        Options.compaction_filter_factory: None
2022/09/30-13:22:35.345676 2b0c  Options.sst_partitioner_factory: None
2022/09/30-13:22:35.345683 2b0c         Options.memtable_factory: SkipListFactory
2022/09/30-13:22:35.345691 2b0c            Options.table_factory: BlockBasedTable
2022/09/30-13:22:35.345756 2b0c            table_factory options:   flush_block_policy_factory: FlushBlockBySizePolicyFactory (000001F3973EB160)
  cache_index_and_filter_blocks: 1
  cache_index_and_filter_blocks_with_high_priority: 1
  pin_l0_filter_and_index_blocks_in_cache: 0
  pin_top_level_index_and_filter: 1
  index_type: 0
  data_block_index_type: 0
  index_shortening: 1
  data_block_hash_table_util_ratio: 0.750000
  hash_index_allow_collision: 1
  checksum: 1
  no_block_cache: 0
  block_cache: 000001F3968BDAB0
  block_cache_name: LRUCache
  block_cache_options:
    capacity : 134217728
    num_shard_bits : 6
    strict_capacity_limit : 0
    memory_allocator : None
    high_pri_pool_ratio: 0.000
  block_cache_compressed: 0000000000000000
  persistent_cache: 0000000000000000
  block_size: 32768
  block_size_deviation: 10
  block_restart_interval: 16
  index_block_restart_interval: 1
  metadata_block_size: 4096
  partition_filters: 0
  use_delta_encoding: 1
  filter_policy: nullptr
  whole_key_filtering: 1
  verify_compression: 0
  read_amp_bytes_per_bit: 0
  format_version: 5
  enable_index_compression: 1
  block_align: 0
  max_auto_readahead_size: 262144
  prepopulate_block_cache: 0
2022/09/30-13:22:35.345766 2b0c        Options.write_buffer_size: 67108864
2022/09/30-13:22:35.345773 2b0c  Options.max_write_buffer_number: 2
2022/09/30-13:22:35.345781 2b0c          Options.compression: LZ4
2022/09/30-13:22:35.345789 2b0c                  Options.bottommost_compression: Disabled
2022/09/30-13:22:35.345796 2b0c       Options.prefix_extractor: nullptr
2022/09/30-13:22:35.345803 2b0c   Options.memtable_insert_with_hint_prefix_extractor: nullptr
2022/09/30-13:22:35.345811 2b0c             Options.num_levels: 7
2022/09/30-13:22:35.345818 2b0c        Options.min_write_buffer_number_to_merge: 1
2022/09/30-13:22:35.345825 2b0c     Options.max_write_buffer_number_to_maintain: 0
2022/09/30-13:22:35.345833 2b0c     Options.max_write_buffer_size_to_maintain: 134217728
2022/09/30-13:22:35.345840 2b0c            Options.bottommost_compression_opts.window_bits: -14
2022/09/30-13:22:35.345848 2b0c                  Options.bottommost_compression_opts.level: 32767
2022/09/30-13:22:35.345856 2b0c               Options.bottommost_compression_opts.strategy: 0
2022/09/30-13:22:35.345863 2b0c         Options.bottommost_compression_opts.max_dict_bytes: 0
2022/09/30-13:22:35.345871 2b0c         Options.bottommost_compression_opts.zstd_max_train_bytes: 0
2022/09/30-13:22:35.345879 2b0c         Options.bottommost_compression_opts.parallel_threads: 1
2022/09/30-13:22:35.345886 2b0c                  Options.bottommost_compression_opts.enabled: false
2022/09/30-13:22:35.345894 2b0c         Options.bottommost_compression_opts.max_dict_buffer_bytes: 0
2022/09/30-13:22:35.345902 2b0c            Options.compression_opts.window_bits: -14
2022/09/30-13:22:35.345910 2b0c                  Options.compression_opts.level: 32767
2022/09/30-13:22:35.345917 2b0c               Options.compression_opts.strategy: 0
2022/09/30-13:22:35.345925 2b0c         Options.compression_opts.max_dict_bytes: 0
2022/09/30-13:22:35.345939 2b0c         Options.compression_opts.zstd_max_train_bytes: 0
2022/09/30-13:22:35.345949 2b0c         Options.compression_opts.parallel_threads: 1
2022/09/30-13:22:35.345957 2b0c                  Options.compression_opts.enabled: false
2022/09/30-13:22:35.345964 2b0c         Options.compression_opts.max_dict_buffer_bytes: 0
2022/09/30-13:22:35.345972 2b0c      Options.level0_file_num_compaction_trigger: 4
2022/09/30-13:22:35.345979 2b0c          Options.level0_slowdown_writes_trigger: 20
2022/09/30-13:22:35.345986 2b0c              Options.level0_stop_writes_trigger: 36
2022/09/30-13:22:35.345994 2b0c                   Options.target_file_size_base: 67108864
2022/09/30-13:22:35.346001 2b0c             Options.target_file_size_multiplier: 1
2022/09/30-13:22:35.346009 2b0c                Options.max_bytes_for_level_base: 268435456
2022/09/30-13:22:35.346016 2b0c Options.level_compaction_dynamic_level_bytes: 0
2022/09/30-13:22:35.346023 2b0c          Options.max_bytes_for_level_multiplier: 10.000000
2022/09/30-13:22:35.346032 2b0c Options.max_bytes_for_level_multiplier_addtl[0]: 1
2022/09/30-13:22:35.346040 2b0c Options.max_bytes_for_level_multiplier_addtl[1]: 1
2022/09/30-13:22:35.346048 2b0c Options.max_bytes_for_level_multiplier_addtl[2]: 1
2022/09/30-13:22:35.346055 2b0c Options.max_bytes_for_level_multiplier_addtl[3]: 1
2022/09/30-13:22:35.346062 2b0c Options.max_bytes_for_level_multiplier_addtl[4]: 1
2022/09/30-13:22:35.346070 2b0c Options.max_bytes_for_level_multiplier_addtl[5]: 1
2022/09/30-13:22:35.346077 2b0c Options.max_bytes_for_level_multiplier_addtl[6]: 1
2022/09/30-13:22:35.346085 2b0c       Options.max_sequential_skip_in_iterations: 8
2022/09/30-13:22:35.346092 2b0c                    Options.max_compaction_bytes: 1677721600
2022/09/30-13:22:35.346100 2b0c                        Options.arena_block_size: 1048576
2022/09/30-13:22:35.346107 2b0c   Options.soft_pending_compaction_bytes_limit: 68719476736
2022/09/30-13:22:35.346115 2b0c   Options.hard_pending_compaction_bytes_limit: 274877906944
2022/09/30-13:22:35.346122 2b0c       Options.rate_limit_delay_max_milliseconds: 100
2022/09/30-13:22:35.346129 2b0c                Options.disable_auto_compactions: 1
2022/09/30-13:22:35.346138 2b0c                        Options.compaction_style: kCompactionStyleLevel
2022/09/30-13:22:35.346147 2b0c                          Options.compaction_pri: kMinOverlappingRatio
2022/09/30-13:22:35.346155 2b0c Options.compaction_options_universal.size_ratio: 1
2022/09/30-13:22:35.346162 2b0c Options.compaction_options_universal.min_merge_width: 2
2022/09/30-13:22:35.346169 2b0c Options.compaction_options_universal.max_merge_width: 4294967295
2022/09/30-13:22:35.346177 2b0c Options.compaction_options_universal.max_size_amplification_percent: 200
2022/09/30-13:22:35.346184 2b0c Options.compaction_options_universal.compression_size_percent: -1
2022/09/30-13:22:35.346193 2b0c Options.compaction_options_universal.stop_style: kCompactionStopStyleTotalSize
2022/09/30-13:22:35.346200 2b0c Options.compaction_options_fifo.max_table_files_size: 1073741824
2022/09/30-13:22:35.346208 2b0c Options.compaction_options_fifo.allow_compaction: 0
2022/09/30-13:22:35.346219 2b0c                   Options.table_properties_collectors: 
2022/09/30-13:22:35.346226 2b0c                   Options.inplace_update_support: 0
2022/09/30-13:22:35.346234 2b0c                 Options.inplace_update_num_locks: 10000
2022/09/30-13:22:35.346241 2b0c               Options.memtable_prefix_bloom_size_ratio: 0.000000
2022/09/30-13:22:35.346249 2b0c               Options.memtable_whole_key_filtering: 0
2022/09/30-13:22:35.346257 2b0c   Options.memtable_huge_page_size: 0
2022/09/30-13:22:35.346264 2b0c                           Options.bloom_locality: 0
2022/09/30-13:22:35.346271 2b0c                    Options.max_successive_merges: 0
2022/09/30-13:22:35.346279 2b0c                Options.optimize_filters_for_hits: 0
2022/09/30-13:22:35.346286 2b0c                Options.paranoid_file_checks: 0
2022/09/30-13:22:35.346293 2b0c                Options.force_consistency_checks: 1
2022/09/30-13:22:35.346403 2b0c                Options.report_bg_io_stats: 0
2022/09/30-13:22:35.346415 2b0c                               Options.ttl: 0
2022/09/30-13:22:35.346422 2b0c          Options.periodic_compaction_seconds: 0
2022/09/30-13:22:35.346430 2b0c                       Options.enable_blob_files: false
2022/09/30-13:22:35.346437 2b0c                           Options.min_blob_size: 0
2022/09/30-13:22:35.346445 2b0c                          Options.blob_file_size: 268435456
2022/09/30-13:22:35.346452 2b0c                   Options.blob_compression_type: NoCompression
2022/09/30-13:22:35.346460 2b0c          Options.enable_blob_garbage_collection: false
2022/09/30-13:22:35.346468 2b0c      Options.blob_garbage_collection_age_cutoff: 0.250000
2022/09/30-13:22:35.346477 2b0c Options.blob_garbage_collection_force_threshold: 1.000000
2022/09/30-13:22:35.346486 2b0c          Options.blob_compaction_readahead_size: 0
2022/09/30-13:22:35.351257 2b0c [db\version_set.cc:4937] Recovered from manifest file:C:\Users\Angga Danar\Documents\tutorial\besu\IBFT-Network\Node-4\data\database/MANIFEST-000001 succeeded,manifest_file_number is 1, next_file_number is 3, last_sequence is 0, log_number is 0,prev_log_number is 0,max_column_family is 0,min_log_number_to_keep is 0
2022/09/30-13:22:35.351299 2b0c [db\version_set.cc:4946] Column family [default] (ID 0), log number is 0
2022/09/30-13:22:35.354164 2b0c [db\version_set.cc:4410] Creating manifest 4
2022/09/30-13:22:35.371860 2b0c [db\column_family.cc:607] --------------- Options for column family []:
2022/09/30-13:22:35.371921 2b0c               Options.comparator: leveldb.BytewiseComparator
2022/09/30-13:22:35.371932 2b0c           Options.merge_operator: None
2022/09/30-13:22:35.371939 2b0c        Options.compaction_filter: None
2022/09/30-13:22:35.371946 2b0c        Options.compaction_filter_factory: None
2022/09/30-13:22:35.371953 2b0c  Options.sst_partitioner_factory: None
2022/09/30-13:22:35.371961 2b0c         Options.memtable_factory: SkipListFactory
2022/09/30-13:22:35.371990 2b0c            Options.table_factory: BlockBasedTable
2022/09/30-13:22:35.372079 2b0c            table_factory options:   flush_block_policy_factory: FlushBlockBySizePolicyFactory (000001F3973E9E40)
  cache_index_and_filter_blocks: 1
  cache_index_and_filter_blocks_with_high_priority: 1
  pin_l0_filter_and_index_blocks_in_cache: 0
  pin_top_level_index_and_filter: 1
  index_type: 0
  data_block_index_type: 0
  index_shortening: 1
  data_block_hash_table_util_ratio: 0.750000
  hash_index_allow_collision: 1
  checksum: 1
  no_block_cache: 0
  block_cache: 000001F3968BC8B0
  block_cache_name: LRUCache
  block_cache_options:
    capacity : 134217728
    num_shard_bits : 6
    strict_capacity_limit : 0
    memory_allocator : None
    high_pri_pool_ratio: 0.000
  block_cache_compressed: 0000000000000000
  persistent_cache: 0000000000000000
  block_size: 32768
  block_size_deviation: 10
  block_restart_interval: 16
  index_block_restart_interval: 1
  metadata_block_size: 4096
  partition_filters: 0
  use_delta_encoding: 1
  filter_policy: nullptr
  whole_key_filtering: 1
  verify_compression: 0
  read_amp_bytes_per_bit: 0
  format_version: 5
  enable_index_compression: 1
  block_align: 0
  max_auto_readahead_size: 262144
  prepopulate_block_cache: 0
2022/09/30-13:22:35.372089 2b0c        Options.write_buffer_size: 67108864
2022/09/30-13:22:35.372096 2b0c  Options.max_write_buffer_number: 2
2022/09/30-13:22:35.372104 2b0c          Options.compression: LZ4
2022/09/30-13:22:35.372111 2b0c                  Options.bottommost_compression: Disabled
2022/09/30-13:22:35.372118 2b0c       Options.prefix_extractor: nullptr
2022/09/30-13:22:35.372125 2b0c   Options.memtable_insert_with_hint_prefix_extractor: nullptr
2022/09/30-13:22:35.372133 2b0c             Options.num_levels: 7
2022/09/30-13:22:35.372140 2b0c        Options.min_write_buffer_number_to_merge: 1
2022/09/30-13:22:35.372147 2b0c     Options.max_write_buffer_number_to_maintain: 0
2022/09/30-13:22:35.372154 2b0c     Options.max_write_buffer_size_to_maintain: 134217728
2022/09/30-13:22:35.372173 2b0c            Options.bottommost_compression_opts.window_bits: -14
2022/09/30-13:22:35.372186 2b0c                  Options.bottommost_compression_opts.level: 32767
2022/09/30-13:22:35.372194 2b0c               Options.bottommost_compression_opts.strategy: 0
2022/09/30-13:22:35.372202 2b0c         Options.bottommost_compression_opts.max_dict_bytes: 0
2022/09/30-13:22:35.372223 2b0c         Options.bottommost_compression_opts.zstd_max_train_bytes: 0
2022/09/30-13:22:35.372230 2b0c         Options.bottommost_compression_opts.parallel_threads: 1
2022/09/30-13:22:35.372238 2b0c                  Options.bottommost_compression_opts.enabled: false
2022/09/30-13:22:35.372245 2b0c         Options.bottommost_compression_opts.max_dict_buffer_bytes: 0
2022/09/30-13:22:35.372253 2b0c            Options.compression_opts.window_bits: -14
2022/09/30-13:22:35.372260 2b0c                  Options.compression_opts.level: 32767
2022/09/30-13:22:35.372267 2b0c               Options.compression_opts.strategy: 0
2022/09/30-13:22:35.372275 2b0c         Options.compression_opts.max_dict_bytes: 0
2022/09/30-13:22:35.372282 2b0c         Options.compression_opts.zstd_max_train_bytes: 0
2022/09/30-13:22:35.372289 2b0c         Options.compression_opts.parallel_threads: 1
2022/09/30-13:22:35.372296 2b0c                  Options.compression_opts.enabled: false
2022/09/30-13:22:35.372303 2b0c         Options.compression_opts.max_dict_buffer_bytes: 0
2022/09/30-13:22:35.372310 2b0c      Options.level0_file_num_compaction_trigger: 4
2022/09/30-13:22:35.372391 2b0c          Options.level0_slowdown_writes_trigger: 20
2022/09/30-13:22:35.372412 2b0c              Options.level0_stop_writes_trigger: 36
2022/09/30-13:22:35.372420 2b0c                   Options.target_file_size_base: 67108864
2022/09/30-13:22:35.372428 2b0c             Options.target_file_size_multiplier: 1
2022/09/30-13:22:35.372435 2b0c                Options.max_bytes_for_level_base: 268435456
2022/09/30-13:22:35.372443 2b0c Options.level_compaction_dynamic_level_bytes: 0
2022/09/30-13:22:35.372450 2b0c          Options.max_bytes_for_level_multiplier: 10.000000
2022/09/30-13:22:35.372476 2b0c Options.max_bytes_for_level_multiplier_addtl[0]: 1
2022/09/30-13:22:35.372485 2b0c Options.max_bytes_for_level_multiplier_addtl[1]: 1
2022/09/30-13:22:35.372492 2b0c Options.max_bytes_for_level_multiplier_addtl[2]: 1
2022/09/30-13:22:35.372500 2b0c Options.max_bytes_for_level_multiplier_addtl[3]: 1
2022/09/30-13:22:35.372507 2b0c Options.max_bytes_for_level_multiplier_addtl[4]: 1
2022/09/30-13:22:35.372514 2b0c Options.max_bytes_for_level_multiplier_addtl[5]: 1
2022/09/30-13:22:35.372521 2b0c Options.max_bytes_for_level_multiplier_addtl[6]: 1
2022/09/30-13:22:35.372529 2b0c       Options.max_sequential_skip_in_iterations: 8
2022/09/30-13:22:35.372536 2b0c                    Options.max_compaction_bytes: 1677721600
2022/09/30-13:22:35.372544 2b0c                        Options.arena_block_size: 1048576
2022/09/30-13:22:35.372551 2b0c   Options.soft_pending_compaction_bytes_limit: 68719476736
2022/09/30-13:22:35.372558 2b0c   Options.hard_pending_compaction_bytes_limit: 274877906944
2022/09/30-13:22:35.372566 2b0c       Options.rate_limit_delay_max_milliseconds: 100
2022/09/30-13:22:35.372573 2b0c                Options.disable_auto_compactions: 1
2022/09/30-13:22:35.372587 2b0c                        Options.compaction_style: kCompactionStyleLevel
2022/09/30-13:22:35.372597 2b0c                          Options.compaction_pri: kMinOverlappingRatio
2022/09/30-13:22:35.372604 2b0c Options.compaction_options_universal.size_ratio: 1
2022/09/30-13:22:35.372612 2b0c Options.compaction_options_universal.min_merge_width: 2
2022/09/30-13:22:35.372619 2b0c Options.compaction_options_universal.max_merge_width: 4294967295
2022/09/30-13:22:35.372626 2b0c Options.compaction_options_universal.max_size_amplification_percent: 200
2022/09/30-13:22:35.372634 2b0c Options.compaction_options_universal.compression_size_percent: -1
2022/09/30-13:22:35.372655 2b0c Options.compaction_options_universal.stop_style: kCompactionStopStyleTotalSize
2022/09/30-13:22:35.372669 2b0c Options.compaction_options_fifo.max_table_files_size: 1073741824
2022/09/30-13:22:35.372677 2b0c Options.compaction_options_fifo.allow_compaction: 0
2022/09/30-13:22:35.372694 2b0c                   Options.table_properties_collectors: 
2022/09/30-13:22:35.372701 2b0c                   Options.inplace_update_support: 0
2022/09/30-13:22:35.372709 2b0c                 Options.inplace_update_num_locks: 10000
2022/09/30-13:22:35.372716 2b0c               Options.memtable_prefix_bloom_size_ratio: 0.000000
2022/09/30-13:22:35.372725 2b0c               Options.memtable_whole_key_filtering: 0
2022/09/30-13:22:35.372732 2b0c   Options.memtable_huge_page_size: 0
2022/09/30-13:22:35.372739 2b0c                           Options.bloom_locality: 0
2022/09/30-13:22:35.372746 2b0c                    Options.max_successive_merges: 0
2022/09/30-13:22:35.372753 2b0c                Options.optimize_filters_for_hits: 0
2022/09/30-13:22:35.372761 2b0c                Options.paranoid_file_checks: 0
2022/09/30-13:22:35.372768 2b0c                Options.force_consistency_checks: 1
2022/09/30-13:22:35.372775 2b0c                Options.report_bg_io_stats: 0
2022/09/30-13:22:35.372782 2b0c                               Options.ttl: 0
2022/09/30-13:22:35.372789 2b0c          Options.periodic_compaction_seconds: 0
2022/09/30-13:22:35.372796 2b0c                       Options.enable_blob_files: false
2022/09/30-13:22:35.372804 2b0c                           Options.min_blob_size: 0
2022/09/30-13:22:35.372811 2b0c                          Options.blob_file_size: 268435456
2022/09/30-13:22:35.372819 2b0c                   Options.blob_compression_type: NoCompression
2022/09/30-13:22:35.372826 2b0c          Options.enable_blob_garbage_collection: false
2022/09/30-13:22:35.372833 2b0c      Options.blob_garbage_collection_age_cutoff: 0.250000
2022/09/30-13:22:35.372842 2b0c Options.blob_garbage_collection_force_threshold: 1.000000
2022/09/30-13:22:35.372850 2b0c          Options.blob_compaction_readahead_size: 0
2022/09/30-13:22:35.373653 2b0c [db\db_impl\db_impl.cc:2782] Created column family [] (ID 1)
2022/09/30-13:22:35.391655 2b0c [db\column_family.cc:607] --------------- Options for column family []:
2022/09/30-13:22:35.391710 2b0c               Options.comparator: leveldb.BytewiseComparator
2022/09/30-13:22:35.391720 2b0c           Options.merge_operator: None
2022/09/30-13:22:35.391727 2b0c        Options.compaction_filter: None
2022/09/30-13:22:35.391734 2b0c        Options.compaction_filter_factory: None
2022/09/30-13:22:35.391741 2b0c  Options.sst_partitioner_factory: None
2022/09/30-13:22:35.391749 2b0c         Options.memtable_factory: SkipListFactory
2022/09/30-13:22:35.391756 2b0c            Options.table_factory: BlockBasedTable
2022/09/30-13:22:35.391812 2b0c            table_factory options:   flush_block_policy_factory: FlushBlockBySizePolicyFactory (000001F3973EA470)
  cache_index_and_filter_blocks: 1
  cache_index_and_filter_blocks_with_high_priority: 1
  pin_l0_filter_and_index_blocks_in_cache: 0
  pin_top_level_index_and_filter: 1
  index_type: 0
  data_block_index_type: 0
  index_shortening: 1
  data_block_hash_table_util_ratio: 0.750000
  hash_index_allow_collision: 1
  checksum: 1
  no_block_cache: 0
  block_cache: 000001F3968BB3B0
  block_cache_name: LRUCache
  block_cache_options:
    capacity : 134217728
    num_shard_bits : 6
    strict_capacity_limit : 0
    memory_allocator : None
    high_pri_pool_ratio: 0.000
  block_cache_compressed: 0000000000000000
  persistent_cache: 0000000000000000
  block_size: 32768
  block_size_deviation: 10
  block_restart_interval: 16
  index_block_restart_interval: 1
  metadata_block_size: 4096
  partition_filters: 0
  use_delta_encoding: 1
  filter_policy: nullptr
  whole_key_filtering: 1
  verify_compression: 0
  read_amp_bytes_per_bit: 0
  format_version: 5
  enable_index_compression: 1
  block_align: 0
  max_auto_readahead_size: 262144
  prepopulate_block_cache: 0
2022/09/30-13:22:35.391833 2b0c        Options.write_buffer_size: 67108864
2022/09/30-13:22:35.391845 2b0c  Options.max_write_buffer_number: 2
2022/09/30-13:22:35.391853 2b0c          Options.compression: LZ4
2022/09/30-13:22:35.391861 2b0c                  Options.bottommost_compression: Disabled
2022/09/30-13:22:35.391868 2b0c       Options.prefix_extractor: nullptr
2022/09/30-13:22:35.391875 2b0c   Options.memtable_insert_with_hint_prefix_extractor: nullptr
2022/09/30-13:22:35.391882 2b0c             Options.num_levels: 7
2022/09/30-13:22:35.391889 2b0c        Options.min_write_buffer_number_to_merge: 1
2022/09/30-13:22:35.391896 2b0c     Options.max_write_buffer_number_to_maintain: 0
2022/09/30-13:22:35.391904 2b0c     Options.max_write_buffer_size_to_maintain: 134217728
2022/09/30-13:22:35.391911 2b0c            Options.bottommost_compression_opts.window_bits: -14
2022/09/30-13:22:35.391919 2b0c                  Options.bottommost_compression_opts.level: 32767
2022/09/30-13:22:35.391926 2b0c               Options.bottommost_compression_opts.strategy: 0
2022/09/30-13:22:35.391934 2b0c         Options.bottommost_compression_opts.max_dict_bytes: 0
2022/09/30-13:22:35.391941 2b0c         Options.bottommost_compression_opts.zstd_max_train_bytes: 0
2022/09/30-13:22:35.391949 2b0c         Options.bottommost_compression_opts.parallel_threads: 1
2022/09/30-13:22:35.391956 2b0c                  Options.bottommost_compression_opts.enabled: false
2022/09/30-13:22:35.391964 2b0c         Options.bottommost_compression_opts.max_dict_buffer_bytes: 0
2022/09/30-13:22:35.391971 2b0c            Options.compression_opts.window_bits: -14
2022/09/30-13:22:35.391979 2b0c                  Options.compression_opts.level: 32767
2022/09/30-13:22:35.391986 2b0c               Options.compression_opts.strategy: 0
2022/09/30-13:22:35.391993 2b0c         Options.compression_opts.max_dict_bytes: 0
2022/09/30-13:22:35.392000 2b0c         Options.compression_opts.zstd_max_train_bytes: 0
2022/09/30-13:22:35.392008 2b0c         Options.compression_opts.parallel_threads: 1
2022/09/30-13:22:35.392015 2b0c                  Options.compression_opts.enabled: false
2022/09/30-13:22:35.392022 2b0c         Options.compression_opts.max_dict_buffer_bytes: 0
2022/09/30-13:22:35.392029 2b0c      Options.level0_file_num_compaction_trigger: 4
2022/09/30-13:22:35.392037 2b0c          Options.level0_slowdown_writes_trigger: 20
2022/09/30-13:22:35.392044 2b0c              Options.level0_stop_writes_trigger: 36
2022/09/30-13:22:35.392051 2b0c                   Options.target_file_size_base: 67108864
2022/09/30-13:22:35.392058 2b0c             Options.target_file_size_multiplier: 1
2022/09/30-13:22:35.392066 2b0c                Options.max_bytes_for_level_base: 268435456
2022/09/30-13:22:35.392073 2b0c Options.level_compaction_dynamic_level_bytes: 0
2022/09/30-13:22:35.392080 2b0c          Options.max_bytes_for_level_multiplier: 10.000000
2022/09/30-13:22:35.392089 2b0c Options.max_bytes_for_level_multiplier_addtl[0]: 1
2022/09/30-13:22:35.392097 2b0c Options.max_bytes_for_level_multiplier_addtl[1]: 1
2022/09/30-13:22:35.392111 2b0c Options.max_bytes_for_level_multiplier_addtl[2]: 1
2022/09/30-13:22:35.392119 2b0c Options.max_bytes_for_level_multiplier_addtl[3]: 1
2022/09/30-13:22:35.392127 2b0c Options.max_bytes_for_level_multiplier_addtl[4]: 1
2022/09/30-13:22:35.392134 2b0c Options.max_bytes_for_level_multiplier_addtl[5]: 1
2022/09/30-13:22:35.392141 2b0c Options.max_bytes_for_level_multiplier_addtl[6]: 1
2022/09/30-13:22:35.392149 2b0c       Options.max_sequential_skip_in_iterations: 8
2022/09/30-13:22:35.392156 2b0c                    Options.max_compaction_bytes: 1677721600
2022/09/30-13:22:35.392163 2b0c                        Options.arena_block_size: 1048576
2022/09/30-13:22:35.392175 2b0c   Options.soft_pending_compaction_bytes_limit: 68719476736
2022/09/30-13:22:35.392183 2b0c   Options.hard_pending_compaction_bytes_limit: 274877906944
2022/09/30-13:22:35.392190 2b0c       Options.rate_limit_delay_max_milliseconds: 100
2022/09/30-13:22:35.392198 2b0c                Options.disable_auto_compactions: 1
2022/09/30-13:22:35.392298 2b0c                        Options.compaction_style: kCompactionStyleLevel
2022/09/30-13:22:35.392310 2b0c                          Options.compaction_pri: kMinOverlappingRatio
2022/09/30-13:22:35.392318 2b0c Options.compaction_options_universal.size_ratio: 1
2022/09/30-13:22:35.392325 2b0c Options.compaction_options_universal.min_merge_width: 2
2022/09/30-13:22:35.392332 2b0c Options.compaction_options_universal.max_merge_width: 4294967295
2022/09/30-13:22:35.392340 2b0c Options.compaction_options_universal.max_size_amplification_percent: 200
2022/09/30-13:22:35.392348 2b0c Options.compaction_options_universal.compression_size_percent: -1
2022/09/30-13:22:35.392356 2b0c Options.compaction_options_universal.stop_style: kCompactionStopStyleTotalSize
2022/09/30-13:22:35.392364 2b0c Options.compaction_options_fifo.max_table_files_size: 1073741824
2022/09/30-13:22:35.392371 2b0c Options.compaction_options_fifo.allow_compaction: 0
2022/09/30-13:22:35.392396 2b0c                   Options.table_properties_collectors: 
2022/09/30-13:22:35.392404 2b0c                   Options.inplace_update_support: 0
2022/09/30-13:22:35.392412 2b0c                 Options.inplace_update_num_locks: 10000
2022/09/30-13:22:35.392419 2b0c               Options.memtable_prefix_bloom_size_ratio: 0.000000
2022/09/30-13:22:35.392428 2b0c               Options.memtable_whole_key_filtering: 0
2022/09/30-13:22:35.392435 2b0c   Options.memtable_huge_page_size: 0
2022/09/30-13:22:35.392442 2b0c                           Options.bloom_locality: 0
2022/09/30-13:22:35.392449 2b0c                    Options.max_successive_merges: 0
2022/09/30-13:22:35.392456 2b0c                Options.optimize_filters_for_hits: 0
2022/09/30-13:22:35.392464 2b0c                Options.paranoid_file_checks: 0
2022/09/30-13:22:35.392471 2b0c                Options.force_consistency_checks: 1
2022/09/30-13:22:35.392478 2b0c                Options.report_bg_io_stats: 0
2022/09/30-13:22:35.392485 2b0c                               Options.ttl: 0
2022/09/30-13:22:35.392492 2b0c          Options.periodic_compaction_seconds: 0
2022/09/30-13:22:35.392500 2b0c                       Options.enable_blob_files: false
2022/09/30-13:22:35.392507 2b0c                           Options.min_blob_size: 0
2022/09/30-13:22:35.392514 2b0c                          Options.blob_file_size: 268435456
2022/09/30-13:22:35.392522 2b0c                   Options.blob_compression_type: NoCompression
2022/09/30-13:22:35.392529 2b0c          Options.enable_blob_garbage_collection: false
2022/09/30-13:22:35.392536 2b0c      Options.blob_garbage_collection_age_cutoff: 0.250000
2022/09/30-13:22:35.392545 2b0c Options.blob_garbage_collection_force_threshold: 1.000000
2022/09/30-13:22:35.392558 2b0c          Options.blob_compaction_readahead_size: 0
2022/09/30-13:22:35.393926 2b0c [db\db_impl\db_impl.cc:2782] Created column family [] (ID 2)
2022/09/30-13:22:35.412293 2b0c [db\column_family.cc:607] --------------- Options for column family []:
2022/09/30-13:22:35.412349 2b0c               Options.comparator: leveldb.BytewiseComparator
2022/09/30-13:22:35.412359 2b0c           Options.merge_operator: None
2022/09/30-13:22:35.412366 2b0c        Options.compaction_filter: None
2022/09/30-13:22:35.412384 2b0c        Options.compaction_filter_factory: None
2022/09/30-13:22:35.412391 2b0c  Options.sst_partitioner_factory: None
2022/09/30-13:22:35.412398 2b0c         Options.memtable_factory: SkipListFactory
2022/09/30-13:22:35.412406 2b0c            Options.table_factory: BlockBasedTable
2022/09/30-13:22:35.412473 2b0c            table_factory options:   flush_block_policy_factory: FlushBlockBySizePolicyFactory (000001F3973EA590)
  cache_index_and_filter_blocks: 1
  cache_index_and_filter_blocks_with_high_priority: 1
  pin_l0_filter_and_index_blocks_in_cache: 0
  pin_top_level_index_and_filter: 1
  index_type: 0
  data_block_index_type: 0
  index_shortening: 1
  data_block_hash_table_util_ratio: 0.750000
  hash_index_allow_collision: 1
  checksum: 1
  no_block_cache: 0
  block_cache: 000001F3968BDCF0
  block_cache_name: LRUCache
  block_cache_options:
    capacity : 134217728
    num_shard_bits : 6
    strict_capacity_limit : 0
    memory_allocator : None
    high_pri_pool_ratio: 0.000
  block_cache_compressed: 0000000000000000
  persistent_cache: 0000000000000000
  block_size: 32768
  block_size_deviation: 10
  block_restart_interval: 16
  index_block_restart_interval: 1
  metadata_block_size: 4096
  partition_filters: 0
  use_delta_encoding: 1
  filter_policy: nullptr
  whole_key_filtering: 1
  verify_compression: 0
  read_amp_bytes_per_bit: 0
  format_version: 5
  enable_index_compression: 1
  block_align: 0
  max_auto_readahead_size: 262144
  prepopulate_block_cache: 0
2022/09/30-13:22:35.412579 2b0c        Options.write_buffer_size: 67108864
2022/09/30-13:22:35.412592 2b0c  Options.max_write_buffer_number: 2
2022/09/30-13:22:35.412600 2b0c          Options.compression: LZ4
2022/09/30-13:22:35.412608 2b0c                  Options.bottommost_compression: Disabled
2022/09/30-13:22:35.412615 2b0c       Options.prefix_extractor: nullptr
2022/09/30-13:22:35.412622 2b0c   Options.memtable_insert_with_hint_prefix_extractor: nullptr
2022/09/30-13:22:35.412630 2b0c             Options.num_levels: 7
2022/09/30-13:22:35.412637 2b0c        Options.min_write_buffer_number_to_merge: 1
2022/09/30-13:22:35.412644 2b0c     Options.max_write_buffer_number_to_maintain: 0
2022/09/30-13:22:35.412651 2b0c     Options.max_write_buffer_size_to_maintain: 134217728
2022/09/30-13:22:35.412658 2b0c            Options.bottommost_compression_opts.window_bits: -14
2022/09/30-13:22:35.412666 2b0c                  Options.bottommost_compression_opts.level: 32767
2022/09/30-13:22:35.412673 2b0c               Options.bottommost_compression_opts.strategy: 0
2022/09/30-13:22:35.412681 2b0c         Options.bottommost_compression_opts.max_dict_bytes: 0
2022/09/30-13:22:35.412688 2b0c         Options.bottommost_compression_opts.zstd_max_train_bytes: 0
2022/09/30-13:22:35.412696 2b0c         Options.bottommost_compression_opts.parallel_threads: 1
2022/09/30-13:22:35.412703 2b0c                  Options.bottommost_compression_opts.enabled: false
2022/09/30-13:22:35.412710 2b0c         Options.bottommost_compression_opts.max_dict_buffer_bytes: 0
2022/09/30-13:22:35.412718 2b0c            Options.compression_opts.window_bits: -14
2022/09/30-13:22:35.412725 2b0c                  Options.compression_opts.level: 32767
2022/09/30-13:22:35.412732 2b0c               Options.compression_opts.strategy: 0
2022/09/30-13:22:35.412740 2b0c         Options.compression_opts.max_dict_bytes: 0
2022/09/30-13:22:35.412747 2b0c         Options.compression_opts.zstd_max_train_bytes: 0
2022/09/30-13:22:35.412754 2b0c         Options.compression_opts.parallel_threads: 1
2022/09/30-13:22:35.412762 2b0c                  Options.compression_opts.enabled: false
2022/09/30-13:22:35.412771 2b0c         Options.compression_opts.max_dict_buffer_bytes: 0
2022/09/30-13:22:35.412779 2b0c      Options.level0_file_num_compaction_trigger: 4
